MoveOffLine
32.18
0.17
0.0
0.0
10.0
36.28
0.24
0.0
0.0
10.0
TenFeet
33.5
-5.8
0.0
0.0
11.0
20.5
-11.13
0.0
0.0
11.0
FourFeet
32.0
-10.0
0.0
0.0
11.0
36.0
-10.0
0.0
0.0
11.0
SixFeet
32.0
-11.77
0.0
0.0
11.0
38.0
-11.77
0.0
0.0
11.0
EightFeet
28.0
-11.0
0.0
0.0
11.0
36.0
-11.0
0.0
0.0
11.0
TenFeetStraight
26.0
-10.0
0.0
0.0
11.0
36.0
-10.0
0.0
0.0
11.0
TwelveFeet
28.0
-9.0
0.0
0.0
11.0
40.0
-9.0
0.0
0.0
11.0
GetTwoFromTrench
19.94
-11.13
0.0
0.0
11.0
31.0
-11.13
0.0
0.0
11.0
GetThreeFromTrench
16.6
-11.28
0.0
0.0
11.0
31.06
-11.28
0.0
0.0
11.0
TurnRad3
0.0
0.0
0.0
0.0
10.0
7.0
-7.0
-1.5706217938696971
10.0
10.0
0.0
-14.0
-3.1237902952194507
0.0
10.0
BumpMidTest
30.76
-5.69
0.0
0.0
12.0
20.13
-7.19
0.0
0.0
10.0
BumpMidTest2
20.2
-7.94
0.0
0.0
10.0
24.78
-0.51
-0.22208190190548016
4.0
4.0
30.04
-1.75
-0.22208190190548016
0.0
4.0
BumpMidTest3
20.65
-0.17
-0.0
0.0
10.0
23.66
1.48
0.0
10.0
10.0
26.81
-1.07
-1.2490457723982544
10.0
10.0
26.55
-4.0
-2.22787126250655
10.0
10.0
23.32
-5.28
-3.066732805879026
0.0
10.0
Trench8Ball
30.87
-11.4
3.141592653589793
0.0
5.0
11.64
-11.4
3.141592653589793
0.0
12.0
Trench8BallReverse
23.66
-7.83
-3.1207623335535764
0.0
12.0
10.82
-11.17
-3.141592653589793
0.0
10.0
BumpMidTest4
31.02
-11.17
-3.141592653589793
0.0
10.0
22.16
-11.85
3.0903554861863745
5.0
5.0
17.54
-11.02
2.50884381858761
4.0
5.0
16.94
-8.05
0.992894389832651
4.0
5.0
22.23
-6.33
0.052583061610941714
0.0
5.0
BumpMidTest5
21.4
-6.85
1.5707963267948966
0.0
12.0
22.23
-2.57
1.5707963267948966
0.0
12.0
SixFeetOtherWay
13.0
-3.0
3.141592653589793
0.0
12.0
7.0
-3.0
3.141592653589793
0.0
12.0
RightHandTurn
24.75
0.43
1.5707963267948966
0.0
12.0
29.85
6.29
0.017453292519943295
0.0
12.0
LeftHandTurn
25.65
0.88
1.5707963267948966
0.0
12.0
19.56
5.31
3.12413936106985
0.0
12.0
